85569.1
85569.102
85569.11
85569.11
85569.113
85569.116
85569.117
85569.119
85569.125
85569.128
85569.129
85569.132
85569.135
85569.141
85569.144
85569.15
85569.153
85569.157
85569.167
85569.18
85569.181
85569.187
85569.188
85569.193
85569.199
85569.2
85569.2
85569.202
85569.208
85569.21
85569.215
85569.217
85569.218
85569.22
85569.222
85569.223
85569.225
85569.226
85569.227
85569.229
85569.233
85569.235
85569.24
85569.24
85569.242
85569.25
85569.251
85569.253
85569.255
85569.258
85569.259
85569.26
85569.261
85569.263
85569.264
85569.27
85569.271
85569.273
85569.274
85569.277
85569.281
85569.283
85569.284
85569.285
85569.288
85569.29
85569.29
85569.297
85569.298
85569.3
85569.303
85569.307
85569.31
85569.314
85569.319
85569.32
85569.32
85569.323
85569.324
85569.332
85569.333
85569.334
85569.336
85569.342
85569.343
85569.347
85569.348
85569.349
85569.35
85569.351
85569.353
85569.354
85569.355
85569.356
85569.359
85569.36
85569.37
85569.372
85569.374
85569.377
85569.38
85569.39
85569.4
85569.44
85569.47
85569.5
85569.53
85569.56
85569.62
85569.63
85569.64
85569.66
85569.72
85569.74
85569.78
85569.81
85569.83
85569.87
85569.9
85569.9
85569.92
