85569.1
85569.11
85569.113
85569.116
85569.117
85569.119
85569.129
85569.135
85569.15
85569.153
85569.157
85569.199
85569.2
85569.202
85569.217
85569.226
85569.227
85569.229
85569.235
85569.242
85569.25
85569.251
85569.253
85569.26
85569.261
85569.263
85569.264
85569.27
85569.271
85569.274
85569.281
85569.284
85569.288
85569.29
85569.29
85569.298
85569.3
85569.303
85569.31
85569.319
85569.32
85569.332
85569.334
85569.336
85569.349
85569.356
85569.372
85569.374
85569.44
85569.47
85569.5
85569.64
85569.72
85569.78
85569.83
85569.87
85569.9
