85569.11
85569.125
85569.128
85569.132
85569.141
85569.144
85569.167
85569.18
85569.181
85569.187
85569.188
85569.193
85569.2
85569.208
85569.21
85569.215
85569.218
85569.22
85569.222
85569.223
85569.225
85569.233
85569.24
85569.24
85569.255
85569.258
85569.259
85569.273
85569.277
85569.283
85569.285
85569.297
85569.307
85569.314
85569.32
85569.323
85569.324
85569.333
85569.342
85569.343
85569.347
85569.348
85569.35
85569.351
85569.353
85569.354
85569.355
85569.359
85569.36
85569.37
85569.377
85569.38
85569.39
85569.4
85569.53
85569.56
85569.62
85569.63
85569.66
85569.74
85569.81
85569.9
85569.92
